  0.400000006       24.3000011    
  0.399804682       24.3000011    
  0.399414062       24.3000011    
  0.398828119       24.3000011    
  0.398046881       24.3000011    
  0.397070318       24.3000011    
  0.395898432       24.3000011    
  0.394531250       24.3000011    
  0.392968744       24.3000011    
  0.391210943       24.3000011    
  0.389257818       24.3000011    
  0.387109369       24.3000011    
  0.384765625       24.3000011    
  0.382226557       24.3000011    
  0.379492193       24.3000011    
  0.376562506       24.3000011    
  0.373437494       24.3000011    
  0.370117188       24.3000011    
  0.366601557       24.3000011    
  0.362890631       24.3000011    
  0.358984381       24.3000011    
  0.354882807       24.3000011    
  0.350585938       24.3000011    
  0.346093744       24.3000011    
  0.341406256       24.3000011    
  0.336523443       24.3000011    
  0.331445307       24.3000011    
  0.326171875       24.3000011    
  0.320703119       24.3000011    
  0.315039068       24.3000011    
  0.309179693       24.3000011    
  0.303124994       24.3000011    
  0.296875000       24.3000011    
  0.290332019       24.3000984    
  0.283496082       24.3002949    
  0.276367188       24.3005867    
  0.268945307       24.3009777    
  0.261230469       24.3014660    
  0.253222644       24.3020515    
  0.244921878       24.3027363    
  0.236328125       24.3035164    
  0.227441415       24.3043957    
  0.218261719       24.3053722    
  0.208789065       24.3064461    
  0.199023440       24.3076191    
  0.188964844       24.3088875    
  0.178613290       24.3102551    
  0.167968750       24.3117199    
  0.157031253       24.3132820    
  0.145800784       24.3149433    
  0.134277344       24.3167000    
  0.122460946       24.3185558    
  0.110351562       24.3205090    
   9.79492217E-02   24.3225594    
   8.52539092E-02   24.3247089    
   7.22656250E-02   24.3269539    
   5.89843765E-02   24.3292980    
   4.54101562E-02   24.3317394    
   3.15429717E-02   24.3342781    
   1.73828136E-02   24.3369141    
   2.92968936E-03   24.3396492    
  -1.18164038E-02   24.3424797    
  -2.68554650E-02   24.3454094    
  -4.21874970E-02   24.3484383    
  -5.78124970E-02   24.3515625    
  -7.32421875E-02   24.3544922    
  -8.84765536E-02   24.3572273    
 -0.103515625       24.3597641    
 -0.118359372       24.3621101    
 -0.133007810       24.3642578    
 -0.147460938       24.3662109    
 -0.161718741       24.3679695    
 -0.175781250       24.3695297    
 -0.189648435       24.3708992    
 -0.203320310       24.3720703    
 -0.216796875       24.3730469    
 -0.230078116       24.3738289    
 -0.243164062       24.3744125    
 -0.256054670       24.3748055    
 -0.268749982       24.3750000    
 -0.281250000       24.3750000    
 -0.293554664       24.3748055    
 -0.305664062       24.3744125    
 -0.317578107       24.3738289    
 -0.329296887       24.3730469    
 -0.340820312       24.3720703    
 -0.352148473       24.3708992    
 -0.363281250       24.3695297    
 -0.374218762       24.3679695    
 -0.384960949       24.3662109    
 -0.395507812       24.3642578    
 -0.405859411       24.3621101    
 -0.416015625       24.3597641    
 -0.425976574       24.3572273    
 -0.435742199       24.3544922    
 -0.445312500       24.3515625    
 -0.454687536       24.3484383    
 -0.463867188       24.3452148    
 -0.472851574       24.3418941    
 -0.481640637       24.3384781    
 -0.490234375       24.3349609    
 -0.498632848       24.3313484    
 -0.506835938       24.3276386    
 -0.514843762       24.3238297    
 -0.522656262       24.3199234    
 -0.530273438       24.3159199    
 -0.537695348       24.3118172    
 -0.544921875       24.3076172    
 -0.551953137       24.3033218    
 -0.558789074       24.2989254    
 -0.565429688       24.2944336    
 -0.571875036       24.2898445    
 -0.578125000       24.2851562    
 -0.584179699       24.2803726    
 -0.590039074       24.2754898    
 -0.595703125       24.2705078    
 -0.601171911       24.2654305    
 -0.606445312       24.2602539    
 -0.611523449       24.2549801    
 -0.616406262       24.2496090    
 -0.621093750       24.2441406    
 -0.625585973       24.2385731    
 -0.629882812       24.2329102    
 -0.633984387       24.2271481    
 -0.637890637       24.2212906    
 -0.641601562       24.2153339    
 -0.645117223       24.2092781    
 -0.648437500       24.2031250    
 -0.651562512       24.1968765    
 -0.654687524       24.1906242    
 -0.657812476       24.1843758    
 -0.660937548       24.1781254    
 -0.664062500       24.1718750    
 -0.667187512       24.1656265    
 -0.670312524       24.1593742    
 -0.673437476       24.1531258    
 -0.676562548       24.1468754    
 -0.679687500       24.1406250    
 -0.682812512       24.1343765    
 -0.685937524       24.1281242    
 -0.689062476       24.1218758    
 -0.692187548       24.1156254    
 -0.695312500       24.1093750    
 -0.698437512       24.1031265    
 -0.701562524       24.0968742    
 -0.704687476       24.0906258    
 -0.707812548       24.0843754    
 -0.710937500       24.0781250    
 -0.714062512       24.0718765    
 -0.717187524       24.0656242    
 -0.720312476       24.0593758    
 -0.723437548       24.0531254    
 -0.726562500       24.0468750    
 -0.729687512       24.0406265    
 -0.732812524       24.0343742    
 -0.735937476       24.0281258    
 -0.739062548       24.0218754    
 -0.742187500       24.0156250    
 -0.745312512       24.0093765    
 -0.748437524       24.0031242    
 -0.751562476       23.9968758    
 -0.754785180       23.9908199    
 -0.758105457       23.9849606    
 -0.761523426       23.9792976    
 -0.765039086       23.9738274    
 -0.768652320       23.9685555    
 -0.772363305       23.9634762    
 -0.776171863       23.9585934    
 -0.780078113       23.9539070    
 -0.784082055       23.9494133    
 -0.788183570       23.9451180    
 -0.792382836       23.9410152    
 -0.796679676       23.9371090    
 -0.801074207       23.9333992    
 -0.805566430       23.9298820    
 -0.810156226       23.9265633    
 -0.814843774       23.9234371    
 -0.819628894       23.9205074    
 -0.824511707       23.9177742    
 -0.829492211       23.9152336    
 -0.834570289       23.9128914    
 -0.839746118       23.9107418    
 -0.845019519       23.9087887    
 -0.850390613       23.9070320    
 -0.855859399       23.9054680    
 -0.861425757       23.9041023    
 -0.867089868       23.9029293    
 -0.872851551       23.9019527    
 -0.878710926       23.9011726    
 -0.884667993       23.9005852    
 -0.890722632       23.9001961    
 -0.896875024       23.8999996    
 -0.903124988       23.8999996    
 -0.909863293       23.8995113    
 -0.917089880       23.8985348    
 -0.924804688       23.8970699    
 -0.933007836       23.8951168    
 -0.941699207       23.8926754    
 -0.950878918       23.8897457    
 -0.960546911       23.8863277    
 -0.970703125       23.8824215    
 -0.981347680       23.8780270    
 -0.992480457       23.8731441    
  -1.00410151       23.8677731    
  -1.01621091       23.8619137    
  -1.02880859       23.8555660    
  -1.04189444       23.8487301    
  -1.05546880       23.8414059    
  -1.06953120       23.8335934    
  -1.08408213       23.8252926    
  -1.09912109       23.8165035    
  -1.11464846       23.8072262    
  -1.13066411       23.7974606    
  -1.14716792       23.7872066    
  -1.16416025       23.7764645    
  -1.18164062       23.7652340    
  -1.19960940       23.7535152    
  -1.21806645       23.7413082    
  -1.23701167       23.7286129    
  -1.25644541       23.7154293    
  -1.27636719       23.7017574    
  -1.29677737       23.6875973    
  -1.31767583       23.6729488    
  -1.33906245       23.6578121    
  -1.36093760       23.6421871    
  -1.38222659       23.6270504    
  -1.40292966       23.6124020    
  -1.42304683       23.5982418    
  -1.44257808       23.5845699    
  -1.46152341       23.5713863    
  -1.47988284       23.5586910    
  -1.49765635       23.5464840    
  -1.51484370       23.5347652    
  -1.53144526       23.5235348    
  -1.54746103       23.5127926    
  -1.56289065       23.5025387    
  -1.57773447       23.4927731    
  -1.59199226       23.4834957    
  -1.60566413       23.4747066    
  -1.61875010       23.4664059    
  -1.63125002       23.4585934    
  -1.64316416       23.4512691    
  -1.65449226       23.4444332    
  -1.66523445       23.4380856    
  -1.67539072       23.4322262    
  -1.68496096       23.4268551    
  -1.69394541       23.4219723    
  -1.70234382       23.4175777    
  -1.71015632       23.4136715    
  -1.71738291       23.4102535    
  -1.72402346       23.4073238    
  -1.73007822       23.4048824    
  -1.73554695       23.4029293    
  -1.74042976       23.4014645    
  -1.74472666       23.4004879    
  -1.74843752       23.3999996    
  -1.75156260       23.3999996    
  -1.75478518       23.3998051    
  -1.75810552       23.3994141    
  -1.76152349       23.3988285    
  -1.76503909       23.3980465    
  -1.76865244       23.3970699    
  -1.77236331       23.3958988    
  -1.77617192       23.3945312    
  -1.78007817       23.3929691    
  -1.78408206       23.3912106    
  -1.78818369       23.3892574    
  -1.79238284       23.3871098    
  -1.79667974       23.3847656    
  -1.80107427       23.3822269    
  -1.80556643       23.3794918    
  -1.81015635       23.3765621    
  -1.81484377       23.3734379    
  -1.81962895       23.3701172    
  -1.82451177       23.3666019    
  -1.82949221       23.3628902    
  -1.83457041       23.3589840    
  -1.83974612       23.3548832    
  -1.84501958       23.3505859    
  -1.85039067       23.3460941    
  -1.85585940       23.3414059    
  -1.86142588       23.3365231    
  -1.86708987       23.3314457    
  -1.87285161       23.3261719    
  -1.87871099       23.3207035    
  -1.88466799       23.3150387    
  -1.89072275       23.3091793    
  -1.89687502       23.3031254    
  -1.90312505       23.2968750    
  -1.90937495       23.2907238    
  -1.91562510       23.2846680    
  -1.92187500       23.2787113    
  -1.92812502       23.2728519    
  -1.93437505       23.2670898    
  -1.94062495       23.2614269    
  -1.94687510       23.2558594    
  -1.95312500       23.2503910    
  -1.95937514       23.2450199    
  -1.96562505       23.2397461    
  -1.97187507       23.2345715    
  -1.97812510       23.2294922    
  -1.98437500       23.2245121    
  -1.99062514       23.2196293    
  -1.99687505       23.2148438    
  -2.00312519       23.2101574    
  -2.00937510       23.2055664    
  -2.01562524       23.2010746    
  -2.02187514       23.1966801    
  -2.02812505       23.1923828    
  -2.03437495       23.1881847    
  -2.04062510       23.1840820    
  -2.04687500       23.1800785    
  -2.05312514       23.1761723    
  -2.05937505       23.1723633    
  -2.06562495       23.1686535    
  -2.07187510       23.1650391    
  -2.07812500       23.1615238    
  -2.08437514       23.1581059    
  -2.09062505       23.1547852    
  -2.09687495       23.1515636    
  -2.10312510       23.1484375    
  -2.10927725       23.1454105    
  -2.11533213       23.1424809    
  -2.12128901       23.1396484    
  -2.12714839       23.1369152    
  -2.13291025       23.1342773    
  -2.13857412       23.1317387    
  -2.14414072       23.1292973    
  -2.14960933       23.1269531    
  -2.15498042       23.1247082    
  -2.16025400       23.1225586    
  -2.16542959       23.1205082    
  -2.17050791       23.1185551    
  -2.17548823       23.1166992    
  -2.18037105       23.1149426    
  -2.18515635       23.1132812    
  -2.18984365       23.1117191    
  -2.19443369       23.1102543    
  -2.19892573       23.1088867    
  -2.20332026       23.1076183    
  -2.20761728       23.1064453    
  -2.21181631       23.1053715    
  -2.21591806       23.1043949    
  -2.21992183       23.1035156    
  -2.22382808       23.1027355    
  -2.22763681       23.1020508    
  -2.23134756       23.1014652    
  -2.23496103       23.1009769    
  -2.23847651       23.1005859    
  -2.24189448       23.1002941    
  -2.24521494       23.1000977    
  -2.24843740       23.1000004    
  -2.25156260       23.1000004    
  -2.25527334       23.1000004    
  -2.25957036       23.1000004    
  -2.26445317       23.1000004    
  -2.26992178       23.1000004    
  -2.27597666       23.1000004    
  -2.28261709       23.1000004    
  -2.28984380       23.1000004    
  -2.29765630       23.1000004    
  -2.30605459       23.1000004    
  -2.31503916       23.1000004    
  -2.32460928       23.1000004    
  -2.33476567       23.1000004    
  -2.34550786       23.1000004    
  -2.35683584       23.1000004    
  -2.36875010       23.1000004    
  -2.38124990       23.1000004    
  -2.39433599       23.1000004    
  -2.40800786       23.1000004    
  -2.42226553       23.1000004    
  -2.43710947       23.1000004    
  -2.45253897       23.1000004    
  -2.46855474       23.1000004    
  -2.48515630       23.1000004    
  -2.50234365       23.1000004    
  -2.52011728       23.1000004    
  -2.53847647       23.1000004    
  -2.55742192       23.1000004    
  -2.57695317       23.1000004    
  -2.59707022       23.1000004    
  -2.61777353       23.1000004    
  -2.63906240       23.1000004    
  -2.66093755       23.1000004    
  -2.68222666       23.0993156    
  -2.70292950       23.0979500    
  -2.72304678       23.0958977    
  -2.74257803       23.0931644    
  -2.76152325       23.0897465    
  -2.77988291       23.0856438    
  -2.79765630       23.0808601    
  -2.81484365       23.0753899    
  -2.83144522       23.0692387    
  -2.84746099       23.0624027    
  -2.86289072       23.0548820    
  -2.87773442       23.0466805    
  -2.89199233       23.0377922    
  -2.90566421       23.0282230    
  -2.91875005       23.0179691    
  -2.93125010       23.0070305    
  -2.94316411       22.9954109    
  -2.95449233       22.9831047    
  -2.96523452       22.9701176    
  -2.97539067       22.9564457    
  -2.98496103       22.9420891    
  -2.99394536       22.9270515    
  -3.00234389       22.9113274    
  -3.01015639       22.8949223    
  -3.01738286       22.8778324    
  -3.02402353       22.8600578    
  -3.03007817       22.8416023    
  -3.03554702       22.8224602    
  -3.04042983       22.8026371    
  -3.04472661       22.7821293    
  -3.04843760       22.7609367    
  -3.05156255       22.7390633    
  -3.05449224       22.7176762    
  -3.05722666       22.6967773    
  -3.05976558       22.6763687    
  -3.06210947       22.6564445    
  -3.06425786       22.6370125    
  -3.06621099       22.6180668    
  -3.06796885       22.5996094    
  -3.06953120       22.5816422    
  -3.07089853       22.5641594    
  -3.07207036       22.5471687    
  -3.07304692       22.5306644    
  -3.07382822       22.5146484    
  -3.07441401       22.4991226    
  -3.07480478       22.4840813    
  -3.07500005       22.4695320    
  -3.07500005       22.4554691    
  -3.07480478       22.4418945    
  -3.07441401       22.4288101    
  -3.07382822       22.4162102    
  -3.07304692       22.4041023    
  -3.07207036       22.3924809    
  -3.07089853       22.3813477    
  -3.06953120       22.3707047    
  -3.06796885       22.3605461    
  -3.06621099       22.3508797    
  -3.06425786       22.3416996    
  -3.06210947       22.3330078    
  -3.05976558       22.3248062    
  -3.05722666       22.3170891    
  -3.05449224       22.3098640    
  -3.05156255       22.3031254    
  -3.04843760       22.2968750    
  -3.04560542       22.2903328    
  -3.04306650       22.2834969    
  -3.04082036       22.2763672    
  -3.03886724       22.2689457    
  -3.03720713       22.2612305    
  -3.03583980       22.2532215    
  -3.03476572       22.2449207    
  -3.03398442       22.2363281    
  -3.03349614       22.2274399    
  -3.03330088       22.2182617    
  -3.03339839       22.2087879    
  -3.03378916       22.1990242    
  -3.03447270       22.1889648    
  -3.03544927       22.1786156    
  -3.03671885       22.1679688    
  -3.03828120       22.1570320    
  -3.04013681       22.1458015    
  -3.04228520       22.1342773    
  -3.04472661       22.1224632    
  -3.04746103       22.1103516    
  -3.05048823       22.0979500    
  -3.05380869       22.0852547    
  -3.05742192       22.0722656    
  -3.06132817       22.0589867    
  -3.06552744       22.0454102    
  -3.07001948       22.0315437    
  -3.07480478       22.0173836    
  -3.07988286       22.0029297    
  -3.08525395       21.9881859    
  -3.09091806       21.9731445    
  -3.09687495       21.9578133    
  -3.10312510       21.9421883    
  -3.10908198       21.9268570    
  -3.11474609       21.9118156    
  -3.12011719       21.8970718    
  -3.12519526       21.8826180    
  -3.12998056       21.8684578    
  -3.13447261       21.8545914    
  -3.13867188       21.8410149    
  -3.14257812       21.8277359    
  -3.14619136       21.8147469    
  -3.14951181       21.8020515    
  -3.15253925       21.7896500    
  -3.15527344       21.7775383    
  -3.15771508       21.7657242    
  -3.15986347       21.7542000    
  -3.16171885       21.7429695    
  -3.16328144       21.7320328    
  -3.16455078       21.7213860    
  -3.16552734       21.7110367    
  -3.16621113       21.7009773    
  -3.16660166       21.6912117    
  -3.16669941       21.6817398    
  -3.16650414       21.6725578    
  -3.16601586       21.6636734    
  -3.16523457       21.6550789    
  -3.16416049       21.6467781    
  -3.16279316       21.6387711    
  -3.16113305       21.6310539    
  -3.15917969       21.6236343    
  -3.15693355       21.6165047    
  -3.15439463       21.6096687    
  -3.15156269       21.6031265    
  -3.14843750       21.5968742    
  -3.14619160       21.5899429    
  -3.14482427       21.5823250    
  -3.14433599       21.5740242    
  -3.14472675       21.5650406    
  -3.14599609       21.5553703    
  -3.14814472       21.5450211    
  -3.15117192       21.5339851    
  -3.15507817       21.5222645    
  -3.15986347       21.5098629    
  -3.16552734       21.4967766    
  -3.17207050       21.4830074    
  -3.17949224       21.4685535    
  -3.18779302       21.4534168    
  -3.19697285       21.4375973    
  -3.20703125       21.4210930    
  -3.21796894       21.4039059    
  -3.22978520       21.3860340    
  -3.24248052       21.3674793    
  -3.25605488       21.3482418    
  -3.27050781       21.3283195    
  -3.28584003       21.3077145    
  -3.30205083       21.2864265    
  -3.31914067       21.2644539    
  -3.33710957       21.2417965    
  -3.35595703       21.2184563    
  -3.37568378       21.1944351    
  -3.39628911       21.1697273    
  -3.41777349       21.1443367    
  -3.44013691       21.1182632    
  -3.46337891       21.0915031    
  -3.48750019       21.0640621    
  -3.51250005       21.0359383    
  -3.53671885       21.0086918    
  -3.56015635       20.9823246    
  -3.58281255       20.9568367    
  -3.60468769       20.9322262    
  -3.62578130       20.9084969    
  -3.64609385       20.8856449    
  -3.66562510       20.8636723    
  -3.68437505       20.8425789    
  -3.70234394       20.8223629    
  -3.71953130       20.8030281    
  -3.73593760       20.7845707    
  -3.75156260       20.7669926    
  -3.76640630       20.7502937    
  -3.78046894       20.7344723    
  -3.79375005       20.7195320    
  -3.80625010       20.7054691    
  -3.81796885       20.6922855    
  -3.82890630       20.6799812    
  -3.83906269       20.6685543    
  -3.84843755       20.6580086    
  -3.85703135       20.6483402    
  -3.86484385       20.6395512    
  -3.87187505       20.6316414    
  -3.87812519       20.6246090    
  -3.88359380       20.6184578    
  -3.88828135       20.6131840    
  -3.89218760       20.6087894    
  -3.89531255       20.6052742    
  -3.89765644       20.6026363    
  -3.89921880       20.6008797    
  -3.90000010       20.6000004    
